115
301
1057
1946
2748
3055
3127
3574
3776
3945
4219
4934
6909
7311
7662
9081
11261
13820
17222
17520
23891
26424
29739
40985
51077
52951
56319
57281
60810
61870
64317
65665
72539
86547
94998
98959
102385
104292
114640
116005
122070
122261
125071
137260
137377
140881
151506
153479
160436
166611
167893
169473
169701
182155
187187
206972
207378
212483
223362
242213
484729
535953
536726
537193
537269
538164
544994
550977
557932
563026
563027
578637
611930
612845
616713
626544
634172
636097
637494
641954
643991
647464
650955
654444
691768
699016
701926
723092
728597
732308
741113
752399
768926
780219
788659
791298
793620
795932
803806
806600
824486
836553
837666
839068
842484
865810
872178
889777
892677
895421
940148
942598
949774
950143
963254
972452
973714
992085
995492
999377
999825
1007198
1020961
1039931
1054391
1055450
1067959
1086494
1088639
1093327
1099659
1118384
1122769
1138496
1155015
1155783
1162809
1188681
1198078
1203846
1206698
1212992
1213191
1214688
1214794
1273132
1273658
1293788
1294348
1307512
1311863
1314077
1324719
1327409
1334941
1369599
1373920
1382206
1394188
1410365
1449896
1457203
1465892
1475146
1498151
1503496
1514314
1551360
1554966
1565217
1566868
1573832
1579812
1582818
1590449
1624349
1638515
1645903
1649517
1667162
1669775
1675824
1702814
1710349
1712130
1732456
1732575
1763895
1771961
1787463
1817266
1824514
1824596
1836980
1863142
1871319
1875236
1886883
1890259
1903315
1908360
1919365
1923382
1938616
1955061
1965276
1977476
1979250
1986797
1989282
1994980
1995663
2002123
2008828
2032638
2049923
2052894
2067574
2072404
2076665
2081277
2081630
2085601
2110214
2134744
2137222
2149193
2156053
2164043
2180311
2186591
2203568
2219867
2250429
2269791
2282657
2332161
2350291
2354795
2367292
2392338
2400758
2403290
2403847
2427654
2468025
2482251
2501719
2501894
2523166
2565275
2567032
2569687
2583771
2587126
2595895
2596280
2596470
2605290
2606124
2615469
2620240
2623739
2628375
2632482
2643998
2664368
2669102
2670061
2677060
2678956
2682504
2685366
2688388
2695715
2707386
2714537
2730053
2746712
2750859
2763838
2767126
2772368
2775345
2794999
2805730
2821546
2827100
2830568
2836347
2862440
2880103
2918059
2927896
2980092
2997688
3004599
3007397
3029699
3035268
3037575
3040778
3048656
3049638
3050419
3070162
3101338
3111090
3115033
3118512
3132038
3139232
3159117
3188850
3198508
3202817
3209932
3209993
3211858
3225802
3230136
3233655
3244424
3259426
3290066
3301860
3308350
3321932
3365485
3378514
3378967
3398379
3402279
3406981
3424274
3444001
3446023
3455107
3486615
3496130
3539479
3547002
3572132
3574532
3584763
3659989
3669156
3676123
3677630
3677853
3704463
3717130
3756494
3761491